# Experiment IPTS-34347 Run 218386
# Reduction 2.2.0.dev47+d202502071725
# Run title: CuPt_d8-THF_FullQ-218386-1.
# Run start time: 2025-04-20T13:42:43.100443667
# Reduction time: Sun Apr 20 09:45:26 2025
# Q summing: False
# TOF weighted: False
# Bck in Q: False
# Theta offset: 0
# DataRun   NormRun   TwoTheta(deg)  LambdaMin(A)   LambdaMax(A) Qmin(1/A)    Qmax(1/A)    SF_A         SF_B
# 218386    218274    0.899957       2.74977        9.49868      0.0103       0.0358       4.0          0
# 218387    218275    2.4019         2.74977        9.49869      0.0277       0.0957       16.0         0
# 218388    218338    7.00064        2.74975        9.4987       0.0807       0.2790       196.0        0
# Q [1/Angstrom]        R                     dR                    dQ [FWHM]
  0.0104865232866460    1.0118753474992772    0.0334283255280669    0.0002849861112957
  0.0105389559030792    1.0204506239938880    0.0335735900973927    0.0002864110418521
  0.0105916506825946    1.0975559425379837    0.0353709697242431    0.0002878430970614
  0.0106446089360076    1.0739747519927136    0.0339201250741855    0.0002892823125467
  0.0106978319806876    1.0627131258040050    0.0339466896586066    0.0002907287241094
  0.0107513211405911    1.0327254071111169    0.0323061409631311    0.0002921823677300
  0.0108050777462940    1.0495947079241525    0.0318258333055122    0.0002936432795686
  0.0108591031350255    1.0823294396198628    0.0344151687763437    0.0002951114959665
  0.0109133986507006    1.1104581669278202    0.0329397768360531    0.0002965870534463
  0.0109679656439541    1.0996116213130924    0.0331339804857066    0.0002980699887135
  0.0110228054721739    1.0273944450041472    0.0305707198872258    0.0002995603386571
  0.0110779194995348    1.0326494257110990    0.0303107648100636    0.0003010581403504
  0.0111333090970324    1.0578673317840137    0.0299920523408186    0.0003025634310522
  0.0111889756425176    1.0285483133673337    0.0295901429237401    0.0003040762482074
  0.0112449205207302    1.0328523003217167    0.0289623031597833    0.0003055966294484
  0.0113011451233338    1.0686364489648015    0.0293839627129620    0.0003071246125957
  0.0113576508489505    1.1089864992877903    0.0299537994504240    0.0003086602356587
  0.0114144391031953    1.0588200882566752    0.0287089113763706    0.0003102035368370
  0.0114715112987112    1.0479230959086077    0.0280981315548572    0.0003117545545211
  0.0115288688552048    0.9738918645491432    0.0259300138898775    0.0003133133272938
  0.0115865131994808    1.1877616189923230    0.0303394664035523    0.0003148798939302
  0.0116444457654782    1.0186901436389937    0.0261827975248057    0.0003164542933999
  0.0117026679943056    1.0445148511004430    0.0268852154550568    0.0003180365648669
  0.0117611813342771    1.0431726160984007    0.0254303551322935    0.0003196267476912
  0.0118199872409485    1.0660870434377818    0.0265907605045104    0.0003212248814297
  0.0118790871771533    1.0357216296457208    0.0257048172560804    0.0003228310058368
  0.0119384826130390    0.9878703981555316    0.0239526470587832    0.0003244451608660
  0.0119981750261042    1.0369272200366004    0.0245203775271319    0.0003260673866703
  0.0120581659012347    1.0353758544992737    0.0244298725287771    0.0003276977236037
  0.0121184567307409    1.0816502246243671    0.0253231946960618    0.0003293362122217
  0.0121790490143946    1.0668570882788060    0.0247107500859834    0.0003309828932828
  0.0122399442594666    1.0095014503343591    0.0230112379671023    0.0003326378077492
  0.0123011439807639    1.0480598530863428    0.0231407502970137    0.0003343009967880
  0.0123626497006677    1.0465926531272205    0.0228925199417316    0.0003359725017719
  0.0124244629491711    1.0040582706964922    0.0221664501116792    0.0003376523642808
  0.0124865852639169    1.0095783906919191    0.0223102651450505    0.0003393406261022
  0.0125490181902365    1.0603339911764516    0.0227093006779110    0.0003410373292327
  0.0126117632811877    0.9880989363514574    0.0211504271959041    0.0003427425158788
  0.0126748220975936    1.0499614056741708    0.0220101411291404    0.0003444562284582
  0.0127381962080816    1.0447122390155863    0.0216514047627401    0.0003461785096005
  0.0128018871891220    0.9855565947114845    0.0205913282367526    0.0003479094021485
  0.0128658966250676    0.9815090520203128    0.0201810573596166    0.0003496489491593
  0.0129302261081930    0.9735119517938472    0.0199609661290772    0.0003513971939051
  0.0129948772387339    1.0811487195593632    0.0215307122827854    0.0003531541798746
  0.0130598516249276    1.0223048286269227    0.0199748041265056    0.0003549199507740
  0.0131251508830522    1.0362062659146054    0.0205670245469746    0.0003566945505278
  0.0131907766374675    0.9810584262192562    0.0192446557820978    0.0003584780232805
  0.0132567305206548    1.0264973899899836    0.0194986732947178    0.0003602704133969
  0.0133230141732581    1.0847423679844836    0.0205491274432549    0.0003620717654639
  0.0133896292441244    1.0558086977097620    0.0198614955667586    0.0003638821242912
  0.0134565773903450    1.0658134640564290    0.0200560814875870    0.0003657015349126
  0.0135238602772967    1.0163051661880347    0.0184941975111284    0.0003675300425872
  0.0135914795786832    1.0425582051546176    0.0188789321076162    0.0003693676928001
  0.0136594369765766    1.0143583555749325    0.0183256868461809    0.0003712145312641
  0.0137277341614595    1.0030433737495301    0.0180490703819166    0.0003730706039205
  0.0137963728322668    0.9682056375887269    0.0176414652752758    0.0003749359569401
  0.0138653546964281    0.9059272168504550    0.0164892166094069    0.0003768106367248
  0.0139346814699103    0.8718961865209592    0.0159527491266946    0.0003786946899084
  0.0140043548772598    0.8901539268144125    0.0166641819329146    0.0003805881633579
  0.0140743766516461    0.8989331055127940    0.0167985691294551    0.0003824911041747
  0.0141447485349043    0.7769680403279229    0.0148863496389096    0.0003844035596956
  0.0142154722775789    0.7297727376055656    0.0140958056351878    0.0003863255774941
  0.0142865496389668    0.6779378297872545    0.0134863370584955    0.0003882572053815
  0.0143579823871616    0.6471324071766478    0.0133006142949474    0.0003901984914084
  0.0144297722990974    0.6285917883844284    0.0128257600919982    0.0003921494838655
  0.0145019211605929    0.5449002545206373    0.0117824065964565    0.0003941102312848
  0.0145744307663958    0.5713923651452719    0.0121032025956938    0.0003960807824412
  0.0146473029202278    0.5326300070514383    0.0115079441152746    0.0003980611863534
  0.0147205394348290    0.5228561235801520    0.0111880013276815    0.0004000514922852
  0.0147941421320031    0.5126611346087816    0.0113404422125102    0.0004020517497466
  0.0148681128426631    0.4884549842407139    0.0109595532027991    0.0004040620084954
  0.0149424534068764    0.4619293256989248    0.0103088747713756    0.0004060823185378
  0.0150171656739108    0.4601307417017281    0.0101624013655800    0.0004081127301305
  0.0150922515022804    0.4363793332922432    0.0097343931788985    0.0004101532937812
  0.0151677127597918    0.4239474138047075    0.0096065469701313    0.0004122040602501
  0.0152435513235907    0.4157421823518830    0.0095200366216888    0.0004142650805513
  0.0153197690802087    0.3794875289518768    0.0088336671769119    0.0004163364059541
  0.0153963679256097    0.3729489369086140    0.0086745843996084    0.0004184180879839
  0.0154733497652378    0.3698216099624902    0.0086171457050407    0.0004205101784238
  0.0155507165140639    0.3466630565897643    0.0081755988872180    0.0004226127293159
  0.0156284700966343    0.3394298194246626    0.0080861956344290    0.0004247257929625
  0.0157066124471174    0.3378440780175594    0.0081734180707318    0.0004268494219273
  0.0157851455093530    0.3189675153577335    0.0076206751041959    0.0004289836690369
  0.0158640712368998    0.3108842855694976    0.0075404574441344    0.0004311285873821
  0.0159433915930843    0.3020543342484234    0.0073939290434375    0.0004332842303190
  0.0160231085510497    0.2993968328903231    0.0072614276640340    0.0004354506514706
  0.0161032240938049    0.2765771328933596    0.0068820664972456    0.0004376279047280
  0.0161837402142740    0.2701319029400833    0.0067036018144249    0.0004398160442516
  0.0162646589153453    0.2599985039976107    0.0066074822247211    0.0004420151244729
  0.0163459822099221    0.2548454995785054    0.0064282655062685    0.0004442252000952
  0.0164277121209717    0.2569546808856981    0.0063844259265493    0.0004464463260957
  0.0165098506815765    0.2444380824021381    0.0062957556761862    0.0004486785577262
  0.0165923999349844    0.2282862758272589    0.0059868929380001    0.0004509219505148
  0.0166753619346593    0.2244599362503993    0.0058156968882802    0.0004531765602674
  0.0167587387443326    0.2136749257756759    0.0056038336514646    0.0004554424430687
  0.0168425324380543    0.2188792903677993    0.0057378125247024    0.0004577196552841
  0.0169267451002446    0.1947665457580569    0.0052233264352893    0.0004600082535605
  0.0170113788257458    0.1894074428814127    0.0051770502352432    0.0004623082948283
  0.0170964357198745    0.1906387247692326    0.0052102910839690    0.0004646198363024
  0.0171819178984739    0.1850797256905214    0.0051463831727804    0.0004669429354840
  0.0172678274879662    0.1748737558453042    0.0049294812756548    0.0004692776501614
  0.0173541666254061    0.1692616040698927    0.0047716902121883    0.0004716240384122
  0.0174409374585331    0.1587757867658723    0.0046472634488145    0.0004739821586042
  0.0175281421458258    0.1558986121025455    0.0045030993924195    0.0004763520693973
  0.0176157828565549    0.1395169993819365    0.0041798190534143    0.0004787338297443
  0.0177038617708377    0.1304082473382901    0.0040475706701532    0.0004811274988930
  0.0177923810796918    0.1330898296701400    0.0040390445482093    0.0004835331363874
  0.0178813429850903    0.1263557306784679    0.0039024622485969    0.0004859508020694
  0.0179707497000158    0.1113373614701859    0.0036492930946248    0.0004883805560797
  0.0180606034485158    0.1204223187706555    0.0038355311746060    0.0004908224588601
  0.0181509064657584    0.1131103343237836    0.0036602382182140    0.0004932765711544
  0.0182416609980872    0.1014083339445563    0.0033705511319106    0.0004957429540102
  0.0183328693030776    0.0995741485094605    0.0033996497896179    0.0004982216687802
  0.0184245336495930    0.0952394401318214    0.0032872911586860    0.0005007127771242
  0.0185166563178410    0.0931742062615964    0.0033605655873946    0.0005032163410098
  0.0186092395994302    0.0863842888322621    0.0032534050224581    0.0005057324227148
  0.0187022857974273    0.0923515016744771    0.0032140536854934    0.0005082610848284
  0.0187957972264145    0.0865096315237974    0.0030307733239568    0.0005108023902525
  0.0188897762125465    0.0686862940391303    0.0026665540630907    0.0005133564022038
  0.0189842250936093    0.0697058140847258    0.0026305020413238    0.0005159231842148
  0.0190791462190773    0.0687091488594269    0.0026119046518276    0.0005185028001359
  0.0191745419501727    0.0623406324224777    0.0024605663293585    0.0005210953141366
  0.0192704146599236    0.0559969768931304    0.0023805236390670    0.0005237007907073
  0.0193667667332232    0.0575668103893176    0.0023511993422980    0.0005263192946608
  0.0194636005668893    0.0554150291811746    0.0023010682165061    0.0005289508911341
  0.0195609185697237    0.0487602415721388    0.0021189694857901    0.0005315956455898
  0.0196587231625724    0.0491276369594744    0.0021074841329971    0.0005342536238177
  0.0197570167783852    0.0418298348962708    0.0019736258163488    0.0005369248919368
  0.0198558018622771    0.0432025592270922    0.0019700164880119    0.0005396095163965
  0.0199550808715885    0.0426006763464592    0.0019593292405496    0.0005423075639785
  0.0200548562759465    0.0404113825354148    0.0019343001541087    0.0005450191017984
  0.0201551305573262    0.0366461347945310    0.0018755849854507    0.0005477441973074
  0.0202559062101128    0.0378222138364002    0.0019368852150934    0.0005504829182939
  0.0203571857411634    0.0355104649373290    0.0017611546321567    0.0005532353328854
  0.0204589716698692    0.0351615548833902    0.0017050879265926    0.0005560015095498
  0.0205612665282185    0.0328679076622837    0.0016170043705172    0.0005587815170975
  0.0206640728608596    0.0320886825989634    0.0016208462724053    0.0005615754246830
  0.0207673932251639    0.0271213494644953    0.0015167479611847    0.0005643833018064
  0.0208712301912897    0.0272271327382648    0.0014677740815839    0.0005672052183155
  0.0209755863422462    0.0276144205513739    0.0014619804149076    0.0005700412444070
  0.0210804642739574    0.0278496298031421    0.0014621151308473    0.0005728914506291
  0.0211858665953272    0.0302418228120177    0.0015198286742503    0.0005757559078822
  0.0212917959283038    0.0264586990405748    0.0014150461875303    0.0005786346874216
  0.0213982549079454    0.0259240540372858    0.0014215367619687    0.0005815278608587
  0.0215052461824851    0.0254952733239710    0.0014064158126860    0.0005844355001630
  0.0216127724133975    0.0248929536451460    0.0013808840448827    0.0005873576776639
  0.0217208362754645    0.0260753494112800    0.0013943881390241    0.0005902944660522
  0.0218294404568418    0.0252033762326105    0.0013656166075116    0.0005932459383824
  0.0219385876591260    0.0229583427163159    0.0012854826556121    0.0005962121680743
  0.0220482805974216    0.0261936557164650    0.0013985896302602    0.0005991932289147
  0.0221585220004087    0.0244872116382069    0.0013249221593454    0.0006021891950593
  0.0222693146104108    0.0243856760902242    0.0013117630605781    0.0006052001410346
  0.0223806611834628    0.0246413064178049    0.0012974985819110    0.0006082261417398
  0.0224925644893802    0.0227223682351598    0.0013100364476903    0.0006112672724485
  0.0226050273118271    0.0228889299925539    0.0012682679032381    0.0006143236088107
  0.0227180524483862    0.0248266407134202    0.0012980769284109    0.0006173952268548
  0.0228316427106281    0.0272349321129346    0.0013769631927961    0.0006204822029890
  0.0229458009241813    0.0267212235198035    0.0013651367699664    0.0006235846140040
  0.0230605299288022    0.0265505355251963    0.0013599625485699    0.0006267025370740
  0.0231758325784462    0.0248431090942373    0.0013007113666111    0.0006298360497594
  0.0232917117413384    0.0260810198843887    0.0013534157299588    0.0006329852300082
  0.0234081703000451    0.0273478194812362    0.0013518421331444    0.0006361501561582
  0.0235252111515453    0.0250378648443743    0.0013090129032874    0.0006393309069390
  0.0236428372073030    0.0279943987786647    0.0013545475572931    0.0006425275614737
  0.0237610513933395    0.0276461440850796    0.0013577757479151    0.0006457401992811
  0.0238798566503062    0.0266883297529203    0.0013115190039263    0.0006489689002775
  0.0239992559335578    0.0262096821777603    0.0013201324134621    0.0006522137447788
  0.0241192522132255    0.0265014782672346    0.0013264222273810    0.0006554748135027
  0.0242398484742917    0.0280728443312795    0.0013605840978785    0.0006587521875703
  0.0243610477166631    0.0269492934631830    0.0013816178729815    0.0006620459485081
  0.0244828529552464    0.0273929715010805    0.0014106719579408    0.0006653561782506
  0.0246052672200227    0.0260865831058765    0.0014430944058299    0.0006686829591419
  0.0247282935561228    0.0268417197507432    0.0014031763441821    0.0006720263739376
  0.0248519350239034    0.0268479173369915    0.0014020612089150    0.0006753865058073
  0.0249761946990229    0.0309953820291733    0.0014508528559053    0.0006787634383363
  0.0251010756725180    0.0268160784263265    0.0013445799240550    0.0006821572555280
  0.0252265810508806    0.0274571211639159    0.0013180699802632    0.0006855680418057
  0.0253527139561350    0.0292625435655043    0.0013791763864908    0.0006889958820147
  0.0254794775259157    0.0295380460998255    0.0013896642197912    0.0006924408614248
  0.0256068749135453    0.0284952091770038    0.0013356013204440    0.0006959030657319
  0.0257349092881130    0.0281074207175179    0.0013523779983905    0.0006993825810605
  0.0258635838345535    0.0245967574146772    0.0012202761576547    0.0007028794939658
  0.0259929017537263    0.0273030252957261    0.0012712584842544    0.0007063938914357
  0.0261228662624949    0.0267378691730182    0.0012801963114558    0.0007099258608929
  0.0262534805938074    0.0253364157302123    0.0012147129550059    0.0007134754901973
  0.0263847479967764    0.0251080304343330    0.0012287104485849    0.0007170428676483
  0.0265166717367603    0.0229926341611523    0.0011670786512466    0.0007206280819865
  0.0266492550954441    0.0224530903866714    0.0011340387967141    0.0007242312223965
  0.0267825013709213    0.0232050379196277    0.0011618068400241    0.0007278523785085
  0.0269164138777759    0.0204204539136689    0.0010874210828062    0.0007314916404010
  0.0270509959471648    0.0217983132133264    0.0010905114513460    0.0007351490986030
  0.0271862509269006    0.0208333305232073    0.0010637986104120    0.0007388248440960
  0.0273221821815351    0.0196566921187739    0.0010221385993970    0.0007425189683165
  0.0274587930924428    0.0186893732123474    0.0010001715980413    0.0007462315631581
  0.0275960870579050    0.0190775383525439    0.0010388742123433    0.0007499627209739
  0.0277340674931945    0.0189729980998662    0.0010406173961251    0.0007537125345787
  0.0278727378306605    0.0195105719629592    0.0010221822912035    0.0007574810972516
  0.0280121015198138    0.0165480639748970    0.0009468825190603    0.0007612685027379
  0.0281521620274129    0.0158867037490357    0.0008996978592877    0.0007650748452516
  0.0281521620274129    0.0159239219069724    0.0006249742691619    0.0007798013580238
  0.0282929228375499    0.0173029641809908    0.0006464958654780    0.0007837003648139
  0.0282929228375499    0.0180705133945717    0.0009674667619996    0.0007689002194778
  0.0284343874517377    0.0143168187708290    0.0008602034541683    0.0007727447205752
  0.0284343874517377    0.0154015825197552    0.0005889900926140    0.0007876188666380
  0.0285765593889964    0.0151421548702005    0.0008661760701960    0.0007766084441781
  0.0285765593889964    0.0153328322036655    0.0005963464907473    0.0007915569609712
  0.0287194421859414    0.0155380385881097    0.0006078977692084    0.0007955147457761
  0.0287194421859414    0.0143500236532487    0.0008621794118077    0.0007804914863990
  0.0288630393968711    0.0128390700905000    0.0008180706539636    0.0007843939438310
  0.0288630393968711    0.0133980786006548    0.0005366263035534    0.0007994923195049
  0.0290073545938554    0.0132695006545275    0.0005341269156654    0.0008034897811025
  0.0290073545938554    0.0128656551553583    0.0008092395547376    0.0007883159135501
  0.0291523913668247    0.0126229465886962    0.0007940669540597    0.0007922574931179
  0.0291523913668247    0.0118136354945788    0.0004945496240241    0.0008075072300080
  0.0292981533236588    0.0118579891236295    0.0004942067406178    0.0008115447661580
  0.0292981533236588    0.0121603887519388    0.0007845602102699    0.0007962187805835
  0.0294446440902771    0.0094538137776801    0.0007108323719194    0.0008001998744864
  0.0294446440902771    0.0117179449557147    0.0004851128572112    0.0008156024899888
  0.0295918673107285    0.0098238235927570    0.0006881284345705    0.0008042008738588
  0.0295918673107285    0.0101765419869699    0.0004490165939590    0.0008196805024387
  0.0297398266472821    0.0108162918780659    0.0004519738464829    0.0008237789049509
  0.0297398266472821    0.0103241053408720    0.0007134948654357    0.0008082218782281
  0.0298885257805185    0.0094083082185432    0.0006827268156356    0.0008122629876193
  0.0298885257805185    0.0106509354133061    0.0004600048379228    0.0008278977994757
  0.0300379684094211    0.0091270353480326    0.0003994604958590    0.0008320372884731
  0.0300379684094211    0.0098086862783297    0.0006772202684971    0.0008163243025574
  0.0301881582514682    0.0082496422264832    0.0006155057991330    0.0008204059240702
  0.0301881582514682    0.0084687606205696    0.0003877445637527    0.0008361974749154
  0.0303390990427256    0.0081199348619778    0.0003696365740609    0.0008403784622900
  0.0303390990427256    0.0075510424271156    0.0006150056861707    0.0008245079536905
  0.0304907945379392    0.0086033690400935    0.0006314695758002    0.0008286304934590
  0.0304907945379392    0.0078191267774313    0.0003583004109779    0.0008445803546015
  0.0306432485106289    0.0074300995064775    0.0003599348055585    0.0008488032563745
  0.0306432485106289    0.0071391121282554    0.0005934892440611    0.0008327736459263
  0.0307964647531820    0.0064214380565474    0.0005532950586233    0.0008369375141559
  0.0307964647531820    0.0081634300551842    0.0003744249278376    0.0008530472726563
  0.0309504470769479    0.0070799048940891    0.0003333205324248    0.0008573125090196
  0.0309504470769479    0.0076882630750012    0.0005940173901726    0.0008411222017267
  0.0311051993123327    0.0072820923737951    0.0005766073699602    0.0008453278127353
  0.0311051993123327    0.0067017149895811    0.0003252728121353    0.0008615990715647
  0.0312607253088943    0.0064284537476779    0.0003226847123462    0.0008659070669225
  0.0312607253088943    0.0069611217221755    0.0005682686960247    0.0008495544517990
  0.0314170289354388    0.0062825285331800    0.0005366868108825    0.0008538022240580
  0.0314170289354388    0.0061594086014602    0.0003019849344942    0.0008702366022572
  0.0315741140801160    0.0057731369847186    0.0002844431757338    0.0008745877852684
  0.0315741140801160    0.0064661397848637    0.0005464104733956    0.0008580712351783
  0.0317319846505165    0.0068494428723112    0.0005555256411325    0.0008623615913541
  0.0317319846505165    0.0058498222777794    0.0002893046112704    0.0008789607241948
  0.0318906445737691    0.0055212210956980    0.0002757161447421    0.0008833555278158
  0.0318906445737691    0.0052148026032010    0.0004842804030662    0.0008666733993109
  0.0320500977966380    0.0061928741275539    0.0005437085312155    0.0008710067663075
  0.0320500977966380    0.0053525681791655    0.0002701370552476    0.0008877723054548
  0.0322103482856212    0.0056882419009360    0.0002773067026924    0.0008922111669821
  0.0322103482856212    0.0064673735347635    0.0005370582912499    0.0008753618001390
  0.0323714000270493    0.0051847858650251    0.0005121628890579    0.0008797386091397
  0.0323714000270493    0.0049952849797830    0.0002526198988313    0.0008966722228170
  0.0325332570271845    0.0053830205715332    0.0002551082750092    0.0009011555839311
  0.0325332570271845    0.0057345264877973    0.0004946390638968    0.0008841373021854
  0.0326959233123204    0.0063143986246685    0.0005235888179531    0.0008885579886963
  0.0326959233123204    0.0052221863754265    0.0002532530835163    0.0009056613618508
  0.0328594029288820    0.0047520173695577    0.0002451336602892    0.0009101896686600
  0.0328594029288820    0.0063389692616353    0.0005238217617781    0.0008930007786398
  0.0330236999435264    0.0062616030885115    0.0005351838054514    0.0008974657825330
  0.0330236999435264    0.0052775122105678    0.0002435676234440    0.0009147406170033
  0.0331888184432441    0.0056282820673426    0.0002583489282006    0.0009193143200883
  0.0331888184432441    0.0057960144818418    0.0005123097594173    0.0009019531114457
  0.0333547625354603    0.0057773828569610    0.0005001351246134    0.0009064628770029
  0.0333547625354603    0.0054212918975326    0.0002409130065235    0.0009239108916888
  0.0335215363481376    0.0054227920692993    0.0002463811188985    0.0009285304461472
  0.0335215363481376    0.0071399632639961    0.0005648648220727    0.0009109951913879
  0.0336891440298783    0.0053059831146735    0.0002392865465046    0.0009331730983780
  0.0336891440298783    0.0063707703206160    0.0005369911034714    0.0009155501673449
  0.0338575897500276    0.0075552738546779    0.0005994539450142    0.0009201279181816
  0.0338575897500276    0.0057342051327239    0.0002494713447729    0.0009378389638698
  0.0340268776987778    0.0058887707762273    0.0005105376914340    0.0009247285577725
  0.0340268776987778    0.0060800308780918    0.0002482921380243    0.0009425281586892
  0.0341970120872717    0.0058436139903293    0.0002393993531178    0.0009472407994826
  0.0341970120872717    0.0063472280265433    0.0005173571000258    0.0009293522005614
  0.0343679971477080    0.0069679260504125    0.0005732120598347    0.0009339989615642
  0.0343679971477080    0.0069751744986593    0.0002624844168595    0.0009519770034801
  0.0345398371334466    0.0063550102732485    0.0002464696822649    0.0009567368884975
  0.0345398371334466    0.0069665944522917    0.0005866907006277    0.0009386689563720
  0.0347125363191138    0.0067935396357506    0.0002562676560373    0.0009615205729399
  0.0347125363191138    0.0064379438767136    0.0005971048997697    0.0009433623011538
  0.0348860990007094    0.0060818097565982    0.0002324779600531    0.0009663281758046
  0.0348860990007094    0.0067513406427167    0.0006057542216652    0.0009480791126596
  0.0350605294957129    0.0072559409877717    0.0006005481211344    0.0009528195082229
  0.0350605294957129    0.0068567774097092    0.0002509088489629    0.0009711598166837
  0.0352358321431915    0.0071800750391664    0.0005826442805828    0.0009575836057640
  0.0352358321431915    0.0068865221985449    0.0002460833662400    0.0009760156157671
  0.0354120113039074    0.0079707863479914    0.0006024345905580    0.0009623715237928
  0.0354120113039074    0.0070171008062479    0.0002509349571216    0.0009808956938459
  0.0355890713604269    0.0070077707114545    0.0002416346966638    0.0009858001723151
  0.0357670167172291    0.0069899569407926    0.0002398453850616    0.0009907291731767
  0.0359458518008152    0.0074195869290961    0.0002456530017234    0.0009956828190426
  0.0361255810598193    0.0078036885759564    0.0002524215850941    0.0010006612331378
  0.0363062089651184    0.0075767974726811    0.0002465095531633    0.0010056645393035
  0.0364877400099440    0.0073224427994876    0.0002378239385944    0.0010106928620000
  0.0366701787099937    0.0076966434774076    0.0002445058844813    0.0010157463263100
  0.0368535296035436    0.0081871217099594    0.0002465345180829    0.0010208250579416
  0.0370377972515614    0.0075683624527315    0.0002347718566831    0.0010259291832313
  0.0372229862378192    0.0079533598176448    0.0002432452903538    0.0010310588291474
  0.0374091011690083    0.0076084056779063    0.0002336917468958    0.0010362141232932
  0.0375961466748533    0.0076887840240372    0.0002304644378205    0.0010413951939096
  0.0377841274082275    0.0068785541313350    0.0002169208728327    0.0010466021698792
  0.0379730480452687    0.0070017303206995    0.0002156721378082    0.0010518351807286
  0.0381629132854950    0.0069082429179550    0.0002086029527067    0.0010570943566322
  0.0383537278519225    0.0067977792342506    0.0002058109090181    0.0010623798284154
  0.0385454964911821    0.0071373800093633    0.0002109046926849    0.0010676917275575
  0.0387382239736380    0.0067202605056111    0.0002025454592883    0.0010730301861953
  0.0389319150935062    0.0063795477076356    0.0001972125378511    0.0010783953371262
  0.0391265746689737    0.0062675323355599    0.0001935260739269    0.0010837873138119
  0.0393222075423186    0.0056622403170434    0.0001796118918552    0.0010892062503809
  0.0395188185800302    0.0056518411320810    0.0001766436519385    0.0010946522816328
  0.0397164126729303    0.0051720784205589    0.0001677504594716    0.0011001255430410
  0.0399149947362950    0.0050027265296113    0.0001661867220838    0.0011056261707562
  0.0401145697099764    0.0049661731786167    0.0001639134946532    0.0011111543016100
  0.0403151425585263    0.0047535245026047    0.0001568849368470    0.0011167100731180
  0.0405167182713189    0.0046987705887634    0.0001553080508180    0.0011222936234836
  0.0407193018626755    0.0041970275704124    0.0001461168645378    0.0011279050916010
  0.0409228983719889    0.0038113829432270    0.0001372385065343    0.0011335446170590
  0.0411275128638489    0.0037602057653278    0.0001350952261663    0.0011392123401443
  0.0413331504281681    0.0034692081498688    0.0001282153653719    0.0011449084018451
  0.0415398161803089    0.0031138302690759    0.0001209392819304    0.0011506329438543
  0.0417475152612105    0.0029793884500170    0.0001163525328350    0.0011563861085735
  0.0419562528375165    0.0028727796077267    0.0001143768798880    0.0011621680391164
  0.0421660341017041    0.0029390392618548    0.0001150499949358    0.0011679788793120
  0.0423768642722126    0.0025813677396597    0.0001058781241136    0.0011738187737086
  0.0425887485935737    0.0025159845230168    0.0001039001996184    0.0011796878675771
  0.0428016923365415    0.0023751882154517    0.0001015121744148    0.0011855863069150
  0.0430157007982242    0.0024270569691160    0.0001004528337742    0.0011915142384496
  0.0432307793022154    0.0022629947114510    0.0000974783746451    0.0011974718096418
  0.0434469331987264    0.0020459298543971    0.0000909118311151    0.0012034591686900
  0.0436641678647200    0.0019742195050889    0.0000872797684134    0.0012094764645335
  0.0438824887040437    0.0020228485424496    0.0000893295164981    0.0012155238468561
  0.0441019011475639    0.0019322682917781    0.0000864075353919    0.0012216014660904
  0.0443224106533017    0.0019414607227184    0.0000854595660159    0.0012277094734209
  0.0445440227065682    0.0020047258319813    0.0000855215617764    0.0012338480207880
  0.0447667428201010    0.0020481714899063    0.0000864169992843    0.0012400172608919
  0.0449905765342015    0.0022412526731612    0.0000900369573233    0.0012462173471964
  0.0452155294168725    0.0023652491675536    0.0000907541336415    0.0012524484339324
  0.0454416070639569    0.0022649385771353    0.0000886086825850    0.0012587106761020
  0.0456688150992767    0.0024005640515181    0.0000906642977730    0.0012650042294825
  0.0458971591747730    0.0023796618569421    0.0000888968995637    0.0012713292506299
  0.0461266449706469    0.0026708751554728    0.0000944108292733    0.0012776858968831
  0.0463572781955001    0.0027424637006338    0.0000951908277596    0.0012840743263675
  0.0465890645864776    0.0026556110994376    0.0000917222177408    0.0012904946979993
  0.0468220099094100    0.0028794709811028    0.0000943253757228    0.0012969471714893
  0.0470561199589570    0.0026712879483398    0.0000894033718935    0.0013034319073468
  0.0472914005587518    0.0029916838743639    0.0000961655391203    0.0013099490668835
  0.0475278575615456    0.0030240467251834    0.0000942236634312    0.0013164988122179
  0.0477654968493533    0.0031487694635601    0.0000967693072578    0.0013230813062790
  0.0480043243336001    0.0030397054714135    0.0000935620193783    0.0013296967128104
  0.0482443459552681    0.0030005211224327    0.0000921132416025    0.0013363451963745
  0.0484855676850444    0.0032760856154787    0.0000966928869108    0.0013430269223563
  0.0487279955234696    0.0032550829036467    0.0000958171279238    0.0013497420569681
  0.0489716355010870    0.0031763275905587    0.0000931251346811    0.0013564907672530
  0.0492164936785924    0.0031756031550420    0.0000941187200790    0.0013632732210892
  0.0494625761469853    0.0031478578211878    0.0000963844927738    0.0013700895871947
  0.0497098890277203    0.0031720709741452    0.0000979139788011    0.0013769400351306
  0.0499584384728589    0.0030999718036249    0.0000904287926761    0.0013838247353063
  0.0502082306652232    0.0030544923511455    0.0000878361899792    0.0013907438589828
  0.0504592718185493    0.0028537575939067    0.0000840005904348    0.0013976975782777
  0.0507115681776420    0.0026654671906362    0.0000805581922827    0.0014046860661691
  0.0509651260185302    0.0027204317813717    0.0000819228224642    0.0014117094965000
  0.0512199516486228    0.0025294974207630    0.0000778243369368    0.0014187680439825
  0.0514760514068660    0.0023603309590289    0.0000741532974581    0.0014258618842024
  0.0517334316639003    0.0022053148664392    0.0000720214941339    0.0014329911936234
  0.0519920988222198    0.0023212561285284    0.0000734033984947    0.0014401561495915
  0.0522520593163309    0.0020516331960772    0.0000683573826651    0.0014473569303395
  0.0525133196129125    0.0019918348829901    0.0000669787590052    0.0014545937149912
  0.0527758862109771    0.0018504809865038    0.0000647281950579    0.0014618666835661
  0.0530397656420320    0.0017722274626314    0.0000624573611010    0.0014691760169840
  0.0533049644702421    0.0016140384215658    0.0000604417587022    0.0014765218970689
  0.0535714892925933    0.0014487638731311    0.0000572997692109    0.0014839045065542
  0.0538393467390563    0.0014003084600464    0.0000581275630481    0.0014913240290870
  0.0541085434727516    0.0012981633808853    0.0000555794160285    0.0014987806492324
  0.0543790861901153    0.0012011051433679    0.0000500365843653    0.0015062745524786
  0.0546509816210659    0.0012791106295905    0.0000509181311644    0.0015138059252410
  0.0549242365291712    0.0011820711390019    0.0000488050878378    0.0015213749548672
  0.0551988577118171    0.0011284953927914    0.0000466956852048    0.0015289818296415
  0.0554748520003761    0.0010801220892151    0.0000464440747558    0.0015366267387897
  0.0557522262603780    0.0010442691471137    0.0000451587930921    0.0015443098724837
  0.0560309873916799    0.0010381333017392    0.0000444783972953    0.0015520314218461
  0.0563111423286383    0.0010644639755664    0.0000455310486811    0.0015597915789553
  0.0565926980402815    0.0011446800615334    0.0000469420708761    0.0015675905368501
  0.0568756615304829    0.0011450395088742    0.0000474103949020    0.0015754284895344
  0.0571600398381353    0.0011623671616498    0.0000474179291815    0.0015833056319820
  0.0574458400373259    0.0012216366659709    0.0000480051630718    0.0015912221601419
  0.0577330692375126    0.0012457250445895    0.0000486357344978    0.0015991782709426
  0.0580217345837001    0.0013311430335113    0.0000500567695219    0.0016071741622974
  0.0583118432566186    0.0013200126237021    0.0000494538487641    0.0016152100331088
  0.0586034024729017    0.0013528449080848    0.0000491898119787    0.0016232860832744
  0.0588964194852662    0.0014401533911781    0.0000512895646155    0.0016314025136908
  0.0591909015826925    0.0014610973688491    0.0000512577508427    0.0016395595262592
  0.0594868560906060    0.0015060596235300    0.0000515744339183    0.0016477573238905
  0.0597842903710590    0.0015349895609208    0.0000523850197092    0.0016559961105100
  0.0600832118229143    0.0015260399003498    0.0000522979990227    0.0016642760910625
  0.0603836278820289    0.0016307468747565    0.0000541973291146    0.0016725974715178
  0.0606855460214390    0.0015461051624388    0.0000516930069180    0.0016809604588754
  0.0609889737515462    0.0015761468859707    0.0000521155756021    0.0016893652611698
  0.0612939186203039    0.0015553017449668    0.0000517056599359    0.0016978120874756
  0.0616003882134054    0.0014655376225701    0.0000500271455765    0.0017063011479130
  0.0619083901544725    0.0016144164301651    0.0000517457033439    0.0017148326536526
  0.0622179321052448    0.0015098591839056    0.0000507338447221    0.0017234068169208
  0.0625290217657710    0.0013430496195126    0.0000480579850119    0.0017320238510055
  0.0628416668745999    0.0013949356594108    0.0000489546470307    0.0017406839702605
  0.0631558752089729    0.0012578870327489    0.0000456425046299    0.0017493873901118
  0.0634716545850177    0.0012117798768588    0.0000447513478602    0.0017581343270623
  0.0637890128579428    0.0011627318746006    0.0000437588817923    0.0017669249986977
  0.0641079579222325    0.0012347936677420    0.0000457711298689    0.0017757596236911
  0.0644284977118437    0.0010733271717871    0.0000421902463441    0.0017846384218096
  0.0647506402004029    0.0009748383241119    0.0000399465962342    0.0017935616139186
  0.0650743934014049    0.0008783987556236    0.0000388924216715    0.0018025294219882
  0.0653997653684119    0.0008711988222703    0.0000401667731283    0.0018115420690982
  0.0657267641952540    0.0007786281372522    0.0000380201404197    0.0018205997794437
  0.0660553980162302    0.0007345634914280    0.0000366471286021    0.0018297027783409
  0.0663856750063114    0.0007134084590586    0.0000354519414942    0.0018388512922326
  0.0667176033813429    0.0006639436387275    0.0000338115394853    0.0018480455486938
  0.0670511913982496    0.0005465407249748    0.0000307851386462    0.0018572857764372
  0.0673864473552409    0.0006495729714108    0.0000329065087815    0.0018665722053194
  0.0677233795920171    0.0005920929293226    0.0000313504989368    0.0018759050663460
  0.0680619964899772    0.0006306502104782    0.0000321935060052    0.0018852845916777
  0.0684023064724270    0.0006052534045564    0.0000310420569379    0.0018947110146361
  0.0687443180047892    0.0006014927148852    0.0000312591520530    0.0019041845697093
  0.0690880395948131    0.0006596792676388    0.0000325837092328    0.0019137054925579
  0.0694334797927871    0.0006447620735868    0.0000316245103379    0.0019232740200206
  0.0697806471917511    0.0006573971047477    0.0000317012488068    0.0019328903901207
  0.0701295504277098    0.0007090144155981    0.0000328689117912    0.0019425548420713
  0.0704801981798484    0.0007300742327584    0.0000329011856983    0.0019522676162817
  0.0708325991707476    0.0007308324581877    0.0000330479059064    0.0019620289543631
  0.0711867621666013    0.0007358890750182    0.0000328209907284    0.0019718390991349
  0.0715426959774343    0.0008242859280685    0.0000344946186575    0.0019816982946306
  0.0719004094573215    0.0007717960219057    0.0000332982638111    0.0019916067861038
  0.0722599115046081    0.0008307683485460    0.0000344857202135    0.0020015648200343
  0.0726212110621311    0.0007957945813661    0.0000333676777418    0.0020115726441344
  0.0729843171174418    0.0008645859188384    0.0000344245544552    0.0020216305073551
  0.0733492387030290    0.0008127356229356    0.0000334697218604    0.0020317386598919
  0.0737159848965441    0.0008146271547612    0.0000337192892157    0.0020418973531913
  0.0740845648210268    0.0007667823983741    0.0000323573072721    0.0020521068399573
  0.0744549876451319    0.0007381055090205    0.0000318804618157    0.0020623673741571
  0.0748272625833576    0.0007135304253304    0.0000310386241562    0.0020726792110279
  0.0752013988962744    0.0007099532720661    0.0000311628942552    0.0020830426070830
  0.0755774058907557    0.0006815844336270    0.0000302940793207    0.0020934578201184
  0.0759552929202095    0.0006704156242764    0.0000297624883074    0.0021039251092190
  0.0763350693848105    0.0006418206154238    0.0000291625156005    0.0021144447347651
  0.0767167447317346    0.0005660471221926    0.0000271281924794    0.0021250169584389
  0.0771003284553933    0.0005677703114068    0.0000274497009753    0.0021356420432311
  0.0774858300976702    0.0005164064428172    0.0000258342564070    0.0021463202534473
  0.0778732592481586    0.0004618559966720    0.0000246188922990    0.0021570518547145
  0.0782626255443993    0.0004621029039844    0.0000246454939818    0.0021678371139881
  0.0786539386721213    0.0003928228158361    0.0000224868390861    0.0021786762995580
  0.0790472083654819    0.0004430508334909    0.0000239528146496    0.0021895696810558
  0.0794424444073093    0.0003761872718990    0.0000218245007217    0.0022005175294611
  0.0798396566293459    0.0003855744411976    0.0000223307671700    0.0022115201171084
  0.0802388549124926    0.0003645349810776    0.0000216885741642    0.0022225777176940
  0.0806400491870551    0.0003729262338838    0.0000216997147517    0.0022336906062824
  0.0810432494329903    0.0003967225055162    0.0000222478728148    0.0022448590593138
  0.0814484656801553    0.0003933564397022    0.0000221660752493    0.0022560833546104
  0.0818557080085560    0.0004244715393318    0.0000228714278558    0.0022673637713835
  0.0818557080085560    0.0002559882990491    0.0000154864329213    0.0022617892762420
  0.0822649865485988    0.0002859611569557    0.0000159501388846    0.0022730982226232
  0.0822649865485988    0.0004238859929704    0.0000230158948057    0.0022787005902404
  0.0826763114813418    0.0003537194631417    0.0000179312275983    0.0022844637137363
  0.0826763114813418    0.0003932443786329    0.0000224625490059    0.0022900940931916
  0.0830896930387485    0.0004668800424127    0.0000238019655150    0.0023015445636575
  0.0830896930387485    0.0003670048722139    0.0000185157268220    0.0022958860323050
  0.0835051415039422    0.0003471917455157    0.0000174969357313    0.0023073654624665
  0.0835051415039422    0.0004242046260403    0.0000233757641687    0.0023130522864758
  0.0839226672114619    0.0003529405487427    0.0000176284168876    0.0023189022897788
  0.0839226672114619    0.0004455357896502    0.0000235709882810    0.0023246175479082
  0.0843422805475192    0.0004206834149206    0.0000227172819018    0.0023362406356477
  0.0843422805475192    0.0003781447913338    0.0000179485691204    0.0023304968012277
  0.0847639919502568    0.0003448518641126    0.0000169348236518    0.0023421492852339
  0.0847639919502568    0.0004333684061733    0.0000228572967772    0.0023479218388260
  0.0851878119100081    0.0005138392057423    0.0000246683458029    0.0023596614480201
  0.0851878119100081    0.0004205167894385    0.0000191340062726    0.0023538600316601
  0.0856137509695581    0.0004683866261432    0.0000236587766425    0.0023714597552602
  0.0856137509695581    0.0003558157650994    0.0000173970549291    0.0023656293318184
  0.0860418197244059    0.0003488413383819    0.0000163063593419    0.0023774574784774
  0.0860418197244059    0.0004566367061872    0.0000235278669582    0.0023833170540365
  0.0864720288230279    0.0004404341139507    0.0000230796608979    0.0023952336393067
  0.0864720288230279    0.0003297544557644    0.0000156831390079    0.0023893447658698
  0.0869043889671431    0.0004382985257860    0.0000231415679891    0.0024072098075032
  0.0869043889671431    0.0003831190960109    0.0000167253399369    0.0024012914896992
  0.0873389109119788    0.0004087755859997    0.0000221834177713    0.0024192458565407
  0.0873389109119788    0.0002966816409856    0.0000140029712219    0.0024132979471477
  0.0877756054665386    0.0003345964135686    0.0000203528935870    0.0024313420858234
  0.0877756054665386    0.0002842697753968    0.0000139557943312    0.0024253644368834
  0.0882144834938713    0.0003753508535858    0.0000212971635899    0.0024434987962526
  0.0882144834938713    0.0003037923218153    0.0000143541807686    0.0024374912590678
  0.0886555559113407    0.0002502168613345    0.0000123057467094    0.0024496787153632
  0.0886555559113407    0.0003502469044320    0.0000203879706983    0.0024557162902338
  0.0890988336908974    0.0003139097811057    0.0000195513874334    0.0024679948716850
  0.0890988336908974    0.0002747891887389    0.0000137192252954    0.0024619271089400
  0.0895443278593518    0.0002883172608545    0.0000191064209881    0.0024803348460434
  0.0895443278593518    0.0002231825058529    0.0000119296480367    0.0024742367444847
  0.0899920494986486    0.0002294153157757    0.0000123239906663    0.0024866079282071
  0.0899920494986486    0.0003006172508709    0.0000191501126436    0.0024927365202736
  0.0904420097461418    0.0002846019434739    0.0000186542139485    0.0025052002028750
  0.0904420097461418    0.0002093710740739    0.0000120977368132    0.0024990409678481
  0.0908942197948725    0.0001855475579078    0.0000110355083842    0.0025115361726874
  0.0908942197948725    0.0002494154320075    0.0000173602111749    0.0025177262038894
  0.0913486908938469    0.0002570833397370    0.0000177171699230    0.0025303148349088
  0.0913486908938469    0.0001773833225006    0.0000106579399710    0.0025240938535508
  0.0918054343483161    0.0001519131580220    0.0000092578515534    0.0025367143228186
  0.0918054343483161    0.0002011290620120    0.0000161911834989    0.0025429664090834
  0.0922644615200577    0.0002345690304952    0.0000174726567611    0.0025556812411288
  0.0922644615200577    0.0001499827000602    0.0000095223892810    0.0025493978944327
  0.0927257838276579    0.0002368182456781    0.0000178685209054    0.0025684596473344
  0.0927257838276579    0.0001714424424001    0.0000100295896565    0.0025621448839048
  0.0931894127467962    0.0001616462889386    0.0000094927683146    0.0025749556083244
  0.0931894127467962    0.0002101085983157    0.0000174681428278    0.0025813019455711
  0.0936553598105302    0.0001909771166326    0.0000160010871395    0.0025942084552990
  0.0936553598105302    0.0001746861907392    0.0000095285157207    0.0025878303863660
  0.0941236366095829    0.0001411058069124    0.0000086201464798    0.0026007695382978
  0.0941236366095829    0.0002548913062968    0.0000180169218367    0.0026071794975755
  0.0945942547926308    0.0002112735040761    0.0000166104177664    0.0026202153950633
  0.0945942547926308    0.0001701492665193    0.0000094182544322    0.0026137733859893
  0.0950672260665939    0.0001807170740230    0.0000093400208452    0.0026268422529192
  0.0955425621969268    0.0001922443459226    0.0000095201459428    0.0026399764641838
  0.0960202750079115    0.0001849294372181    0.0000096967971382    0.0026531763465048
  0.0965003763829510    0.0001839490465558    0.0000091107544713    0.0026664422282373
  0.0969828782648658    0.0001964208984228    0.0000092434567647    0.0026797744393785
  0.0974677926561901    0.0001927069255895    0.0000091184192862    0.0026931733115754
  0.0979551316194710    0.0001828808031749    0.0000089370995791    0.0027066391781332
  0.0984449072775684    0.0001820831096232    0.0000087107209814    0.0027201723740239
  0.0989371318139562    0.0001673487379430    0.0000081357998521    0.0027337732358940
  0.0994318174730260    0.0001632676143399    0.0000081447030519    0.0027474421020735
  0.0999289765603911    0.0001611148544632    0.0000081450989548    0.0027611793125839
  0.1004286214431930    0.0001576440684864    0.0000078856135327    0.0027749852091468
  0.1009307645504090    0.0001480617838010    0.0000076739397482    0.0027888601351925
  0.1014354183731610    0.0001330642731817    0.0000070478738604    0.0028028044358685
  0.1019425954650268    0.0001185387966686    0.0000064894380230    0.0028168184580478
  0.1024523084423520    0.0001150485000480    0.0000065000611776    0.0028309025503380
  0.1029645699845637    0.0000932644434252    0.0000059711871347    0.0028450570630897
  0.1034793928344865    0.0000962053440731    0.0000059438193598    0.0028592823484052
  0.1039967897986589    0.0001022849904360    0.0000060213781409    0.0028735787601472
  0.1045167737476522    0.0000919094482547    0.0000056052427845    0.0028879466539479
  0.1050393576163905    0.0000818021979074    0.0000051664271552    0.0029023863872177
  0.1055645544044724    0.0000895749430461    0.0000053194107906    0.0029168983191538
  0.1060923771764948    0.0000921410854702    0.0000054254344876    0.0029314828107495
  0.1066228390623772    0.0001075300998563    0.0000058249114831    0.0029461402248033
  0.1071559532576891    0.0000896243636820    0.0000051972903738    0.0029608709259273
  0.1076917330239775    0.0001028430323268    0.0000055483566145    0.0029756752805569
  0.1082301916890974    0.0000997200605485    0.0000053957842922    0.0029905536569597
  0.1087713426475429    0.0000902419848579    0.0000052435690861    0.0030055064252445
  0.1093151993607806    0.0001039776126540    0.0000052794219289    0.0030205339573707
  0.1098617753575845    0.0000996857150038    0.0000052098288535    0.0030356366271576
  0.1104110842343724    0.0000883020669798    0.0000049061877448    0.0030508148102934
  0.1109631396555442    0.0000905144543453    0.0000049578503391    0.0030660688843449
  0.1115179553538219    0.0000848445124333    0.0000047479805787    0.0030813992287666
  0.1120755451305910    0.0000853064051838    0.0000046716283482    0.0030968062249104
  0.1126359228562440    0.0000801439506357    0.0000044663984207    0.0031122902560350
  0.1131991024705252    0.0000661888388075    0.0000041910933714    0.0031278517073151
  0.1137650979828778    0.0000796257673223    0.0000045823504163    0.0031434909658517
  0.1143339234727922    0.0000625538108730    0.0000040228054792    0.0031592084206810
  0.1149055930901561    0.0000576082359762    0.0000037168280804    0.0031750044627844
  0.1154801210556069    0.0000574627395735    0.0000036970323217    0.0031908794850983
  0.1160575216608849    0.0000484323461506    0.0000034221993234    0.0032068338825238
  0.1166378092691893    0.0000462525636745    0.0000032675019262    0.0032228680519364
  0.1172209983155353    0.0000474170491521    0.0000034023195501    0.0032389823921961
  0.1178071033071129    0.0000469496821086    0.0000033238775466    0.0032551773041571
  0.1183961388236485    0.0000565129329762    0.0000035720052181    0.0032714531906779
  0.1189881195177667    0.0000458830574555    0.0000031766540150    0.0032878104566312
  0.1195830601153555    0.0000563667943850    0.0000035011995589    0.0033042495089144
  0.1201809754159323    0.0000481383463678    0.0000033090201566    0.0033207707564590
  0.1207818802930119    0.0000453500368653    0.0000031337862187    0.0033373746102413
  0.1213857896944770    0.0000498189957619    0.0000032333866456    0.0033540614832925
  0.1219927186429494    0.0000461207684953    0.0000032143475704    0.0033708317907089
  0.1226026822361641    0.0000482846593980    0.0000030834760130    0.0033876859496625
  0.1232156956473449    0.0000451940861687    0.0000029216367970    0.0034046243794108
  0.1238317741255816    0.0000409903539893    0.0000028501152868    0.0034216475013078
  0.1244509329962095    0.0000445494500222    0.0000028633495665    0.0034387557388144
  0.1250731876611905    0.0000375506880001    0.0000027560207814    0.0034559495175085
  0.1256985535994965    0.0000369271697701    0.0000026362074735    0.0034732292650960
  0.1263270463674940    0.0000345094623649    0.0000024808238333    0.0034905954114215
  0.1269586815993314    0.0000307521453037    0.0000024392262055    0.0035080483884786
  0.1275934750073280    0.0000287374787953    0.0000023853094525    0.0035255886304210
  0.1282314423823647    0.0000291336649725    0.0000022861555479    0.0035432165735731
  0.1288725995942765    0.0000218926483899    0.0000021543414338    0.0035609326564409
  0.1295169625922478    0.0000295787723578    0.0000022510302575    0.0035787373197231
  0.1301645474052091    0.0000275400048784    0.0000022374605268    0.0035966310063218
  0.1308153701422351    0.0000274577524371    0.0000021726300297    0.0036146141613534
  0.1314694469929463    0.0000251334407566    0.0000021277446662    0.0036326872321601
  0.1321267942279110    0.0000235242752810    0.0000020787418306    0.0036508506683209
  0.1327874281990505    0.0000237171586383    0.0000019746383371    0.0036691049216625
  0.1334513653400458    0.0000265615812750    0.0000021222662954    0.0036874504462709
  0.1341186221667460    0.0000250053721756    0.0000021167273260    0.0037058876985022
  0.1347892152775797    0.0000233885754175    0.0000020005062050    0.0037244171369947
  0.1354631613539676    0.0000233801559394    0.0000019243718862    0.0037430392226797
  0.1361404771607374    0.0000228247279587    0.0000019089260139    0.0037617544187931
  0.1368211795465411    0.0000250777961016    0.0000018995971766    0.0037805631908871
  0.1375052854442738    0.0000185271315315    0.0000018295300159    0.0037994660068415
  0.1381928118714951    0.0000161430405210    0.0000016436464527    0.0038184633368757
  0.1388837759308526    0.0000158404669040    0.0000017225691629    0.0038375556535601
  0.1395781948105068    0.0000181096973112    0.0000016490211497    0.0038567434318279
  0.1402760857845594    0.0000155007026744    0.0000016331531757    0.0038760271489870
  0.1409774662134821    0.0000132287474773    0.0000015515457755    0.0038954072847320
  0.1416823535445495    0.0000170548597591    0.0000015710511126    0.0039148843211556
  0.1423907653122723    0.0000143566079122    0.0000015168807091    0.0039344587427614
  0.1431027191388336    0.0000138085389741    0.0000015319421584    0.0039541310364752
  0.1438182327345278    0.0000134418431604    0.0000015031478548    0.0039739016916576
  0.1445373238982004    0.0000149357041324    0.0000015760057208    0.0039937712001159
  0.1452600105176914    0.0000137694735728    0.0000015416952053    0.0040137400561164
  0.1459863105702798    0.0000154600390494    0.0000014924629645    0.0040338087563970
  0.1467162421231312    0.0000109583817302    0.0000013429111918    0.0040539778001790
  0.1474498233337468    0.0000117837055132    0.0000013320759993    0.0040742476891799
  0.1481870724504156    0.0000100465084808    0.0000012914685694    0.0040946189276258
  0.1489280078126676    0.0000134459963886    0.0000013184569141    0.0041150920222639
  0.1496726478517310    0.0000077204286571    0.0000012323643935    0.0041356674823752
  0.1504210110909896    0.0000110928446937    0.0000013157292199    0.0041563458197871
  0.1511731161464445    0.0000105596814873    0.0000012570166821    0.0041771275488861
  0.1519289817271767    0.0000085181712212    0.0000011674635872    0.0041980131866305
  0.1526886266358126    0.0000085039330318    0.0000011734387081    0.0042190032525636
  0.1534520697689916    0.0000091916741377    0.0000011830757658    0.0042400982688265
  0.1542193301178366    0.0000086604531614    0.0000011001412019    0.0042612987601706
  0.1549904267684257    0.0000088738384299    0.0000011543166992    0.0042826052539714
  0.1557653789022678    0.0000049719837826    0.0000011192590628    0.0043040182802413
  0.1565442057967792    0.0000083052424758    0.0000011613268983    0.0043255383716425
  0.1573269268257630    0.0000066339692786    0.0000011618201032    0.0043471660635007
  0.1581135614598919    0.0000073593463695    0.0000011032672830    0.0043689018938182
  0.1589041292671913    0.0000060817897189    0.0000009997343203    0.0043907464032873
  0.1596986499135272    0.0000080359398066    0.0000010355003663    0.0044127001353037
  0.1604971431630948    0.0000081374630560    0.0000010729206660    0.0044347636359803
  0.1612996288789103    0.0000054668763878    0.0000009616276988    0.0044569374541602
  0.1621061270233048    0.0000059433740362    0.0000009502142670    0.0044792221414310
  0.1629166576584213    0.0000056877121809    0.0000009430149987    0.0045016182521381
  0.1637312409467134    0.0000038907459165    0.0000009210560626    0.0045241263433988
  0.1645498971514470    0.0000053798493547    0.0000009443798864    0.0045467469751158
  0.1653726466372042    0.0000044869933223    0.0000008671078802    0.0045694807099914
  0.1661995098703902    0.0000063787330315    0.0000009826259788    0.0045923281135413
  0.1670305074197421    0.0000073119452255    0.0000009624612615    0.0046152897541090
  0.1678656599568408    0.0000046932170619    0.0000009075831198    0.0046383662028796
  0.1687049882566250    0.0000043066186908    0.0000008705696656    0.0046615580338940
  0.1695485131979081    0.0000043105898206    0.0000008795816068    0.0046848658240635
  0.1703962557638976    0.0000034374925124    0.0000008403253646    0.0047082901531838
  0.1712482370427171    0.0000041569225047    0.0000008467448867    0.0047318316039497
  0.1721044782279307    0.0000033779953323    0.0000008666272878    0.0047554907619694
  0.1729650006190703    0.0000043018985155    0.0000008706323388    0.0047792682157793
  0.1738298256221656    0.0000033421192277    0.0000008563725648    0.0048031645568582
  0.1746989747502765    0.0000031282844281    0.0000008033613071    0.0048271803796425
  0.1755724696240278    0.0000011798188589    0.0000007963383984    0.0048513162815407
  0.1764503319721480    0.0000031585378084    0.0000008145477755    0.0048755728629484
  0.1773325836320087    0.0000028979632520    0.0000008265693217    0.0048999507272631
  0.1782192465501687    0.0000030281354297    0.0000007666885020    0.0049244504808994
  0.1791103427829195    0.0000033032566854    0.0000007794376898    0.0049490727333039
  0.1800058944968341    0.0000030016352176    0.0000007680559071    0.0049738180969705
  0.1809059239693183    0.0000027516224521    0.0000008116023726    0.0049986871874553
  0.1818104535891648    0.0000034941804920    0.0000007945011341    0.0050236806233926
  0.1827195058571106    0.0000024359915792    0.0000007877722403    0.0050487990265095
  0.1836331033863962    0.0000027445922714    0.0000007555006625    0.0050740430216421
  0.1845512689033281    0.0000015180814565    0.0000007113871426    0.0050994132367503
  0.1854740252478447    0.0000020427784992    0.0000007413065083    0.0051249103029341
  0.1864013953740840    0.0000026357589625    0.0000007854865840    0.0051505348544487
  0.1873334023509544    0.0000018543891870    0.0000007358887522    0.0051762875287210
  0.1882700693627091    0.0000019634108882    0.0000007247857514    0.0052021689663646
  0.1892114197095226    0.0000021658874368    0.0000006686327758    0.0052281798111964
  0.1901574768080702    0.0000008018582786    0.0000007520902547    0.0052543207102524
  0.1911082641921105    0.0000022904544287    0.0000008336945955    0.0052805923138036
  0.1920638055130711   -0.0000000946013520    0.0000007787818444    0.0053069952753727
  0.1930241245406364    0.0000009939972881    0.0000007544041192    0.0053335302517495
  0.1939892451633396    0.0000012906791456    0.0000007559554094    0.0053601979030083
  0.1949591913891562    0.0000018670976705    0.0000006923263589    0.0053869988925233
  0.1959339873461020    0.0000014986819747    0.0000007027881784    0.0054139338869859
  0.1969136572828325    0.0000019003355736    0.0000007157520499    0.0054410035564209
  0.1978982255692466    0.0000028102505895    0.0000007301886799    0.0054682085742030
  0.1988877166970929    0.0000022497357618    0.0000006775435023    0.0054955496170740
  0.1998821552805783    0.0000020636561549    0.0000006966293914    0.0055230273651593
  0.2008815660569812    0.0000018409957009    0.0000007282375689    0.0055506425019851
  0.2018859738872660    0.0000019851307014    0.0000007343965558    0.0055783957144951
  0.2028954037567023    0.0000008112994628    0.0000006592596264    0.0056062876930675
  0.2039098807754859    0.0000024912759729    0.0000007218441896    0.0056343191315329
  0.2049294301793633    0.0000011284612133    0.0000006374022143    0.0056624907271905
  0.2059540773302601   -0.0000000894873658    0.0000006627554271    0.0056908031808265
  0.2069838477169113   -0.0000007225173099    0.0000006163028658    0.0057192571967306
  0.2080187669554959    0.0000001990369446    0.0000006225065105    0.0057478534827143
  0.2090588607902733    0.0000017827775890    0.0000006269735822    0.0057765927501278
  0.2101041550942246    0.0000010542587888    0.0000006441205674    0.0058054757138785
  0.2111546758696958    0.0000002693586755    0.0000005906756741    0.0058345030924479
  0.2122104492490442    0.0000006805414350    0.0000006416125897    0.0058636756079101
  0.2132715014952894    0.0000007403623589    0.0000006089823483    0.0058929939859497
  0.2143378590027659    0.0000014041945450    0.0000006350474884    0.0059224589558794
  0.2154095482977796    0.0000011564361327    0.0000006399196004    0.0059520712506588
  0.2164865960392685    0.0000000755807206    0.0000006227947547    0.0059818316069121
  0.2175690290194648    0.0000004266531983    0.0000006577965134    0.0060117407649467
  0.2186568741645621    0.0000009277380653    0.0000006504869684    0.0060417994687714
  0.2197501585353849    0.0000004067731680    0.0000005988120705    0.0060720084661152
  0.2208489093280618    0.0000002265304770    0.0000006239355493    0.0061023685084458
  0.2219531538747021    0.0000008274359056    0.0000006096767734    0.0061328803509881
  0.2230629196440756    0.0000000000000000    0.0000005612294110    0.0061635447527430
  0.2241782342422960    0.0000007937565144    0.0000006181010823    0.0061943624765067
  0.2252991254135074    0.0000004217146034    0.0000005979561255    0.0062253342888892
  0.2264256210405749    0.0000015154007019    0.0000006189296181    0.0062564609603337
  0.2275577491457778    0.0000000220154193    0.0000005898503272    0.0062877432651353
  0.2286955378915067   -0.0000000384761907    0.0000005948297655    0.0063191819814610
  0.2298390155809641    0.0000003336811488    0.0000005982585589    0.0063507778913683
  0.2309882106588690    0.0000006927930028    0.0000005749792000    0.0063825317808252
  0.2321431517121633    0.0000008079667423    0.0000006137764641    0.0064144444397293
  0.2333038674707241   -0.0000004144160088    0.0000006039320364    0.0064465166619279
  0.2344703868080777    0.0000004493607737    0.0000006012488332    0.0064787492452376
  0.2356427387421181    0.0000006638526119    0.0000005916326080    0.0065111429914638
  0.2368209524358286    0.0000018215438586    0.0000006294327096    0.0065436987064211
  0.2380050571980077    0.0000007309827127    0.0000006017638452    0.0065764171999532
  0.2391950824839977   -0.0000003746617334    0.0000005760912604    0.0066092992859530
  0.2403910578964177    0.0000001188359750    0.0000005896194196    0.0066423457823827
  0.2415930131858998    0.0000011300866049    0.0000006163249039    0.0066755575112946
  0.2428009782518292    0.0000006265955738    0.0000005846280738    0.0067089352988511
  0.2440149831430883    0.0000011226694438    0.0000005983515567    0.0067424799753454
  0.2452350580588037    0.0000010692552626    0.0000006120829111    0.0067761923752221
  0.2464612333490978   -0.0000000965233992    0.0000005878000995    0.0068100733370982
  0.2476935395158432    0.0000001595031537    0.0000005918159635    0.0068441237037837
  0.2489320072134224    0.0000001370367488    0.0000006183974999    0.0068783443223026
  0.2501766672494895    0.0000005429835571    0.0000005862046524    0.0069127360439141
  0.2514275505857369    0.0000001507854570    0.0000005976538206    0.0069472997241337
  0.2526846883386655    0.0000007128441921    0.0000005677549776    0.0069820362227544
  0.2539481117803589   -0.0000003471256774    0.0000005940041838    0.0070169464038681
  0.2552178523392606    0.0000004237195044    0.0000005753643032    0.0070520311358875
  0.2564939416009570    0.0000004686701153    0.0000005603282939    0.0070872912915669
  0.2577764113089617    0.0000009343402867    0.0000006029548923    0.0071227277480247
  0.2590652933655064    0.0000008396095866    0.0000005910513058    0.0071583413867649
  0.2603606198323339   -0.0000006143271160    0.0000005904041304    0.0071941330936987
  0.2616624229314956    0.0000004596482173    0.0000005975540843    0.0072301037591672
  0.2629707350461531   -0.0000005306012228    0.0000005844138245    0.0072662542779630
  0.2642855887213838   -0.0000002130969461    0.0000005923604232    0.0073025855493528
  0.2656070166649907    0.0000016239077068    0.0000006069605724    0.0073390984770996
  0.2669350517483157    0.0000005587855236    0.0000006076895468    0.0073757939694851
  0.2682697270070572    0.0000011196281594    0.0000005890571888    0.0074126729393325
  0.2696110756420924    0.0000011874194154    0.0000006487163196    0.0074497363040292
  0.2709591310203028   -0.0000002349847528    0.0000005884619097    0.0074869849855493
  0.2723139266754043    0.0000000108914212    0.0000006580148161    0.0075244199104771
  0.2736754963087813    0.0000010731611033    0.0000006363662767    0.0075620420100294
  0.2750438737903252   -0.0000000611014938    0.0000006471840349    0.0075998522200796
